x=[0.0066100000000000 0.0116100000000000 0.0166100000000000 0.0216100000000000 0.0266100000000000 0.0316100000000000 0.0366100000000000 0.0416100000000000 0.0466100000000000 0.0516100000000000 0.0566100000000000 0.0616100000000000 0.0666099999999999 0.0716100000000000 0.0766100000000000 0.0816100000000000 0.0866100000000000 0.0916100000000000 0.0966100000000000 0.1016100000000000 0.1066100000000000 0.1116100000000000 0.1166100000000000 0.1216100000000000 0.1266099999999999 0.1316099999999998 0.1366099999999998 0.1416099999999998 0.1466099999999999 0.1516099999999998 0.1566099999999998 0.1616099999999998 0.1666099999999998 0.1716099999999998 0.1766099999999999 0.1816099999999998 0.1866099999999998 0.1916099999999998 0.1966099999999998 0.2016099999999998 0.2066099999999998 0.2116099999999999 0.2166099999999998 0.2216099999999998 0.2266099999999998 0.2316099999999998 0.2366099999999998 0.2416099999999998 0.2466099999999998 0.2516099999999998 0.2566099999999998 0.2616099999999998 0.2666099999999998 0.2716099999999999 0.2766099999999999 0.2816099999999999 0.2866099999999999 0.2916099999999998 0.2966099999999998 0.3016099999999998 0.3066099999999998 0.3116099999999998 0.3166099999999998 0.3216099999999998 0.3266099999999998 0.3316099999999998 0.3366099999999999 0.3416099999999999 0.3466099999999999 0.3516099999999999 0.3566099999999999 0.3616099999999998 0.3666099999999998 0.3716099999999998 0.3766099999999998 0.3816099999999998 0.3866099999999998 0.3916099999999998 0.3966099999999999 0.4016099999999999 0.4066099999999999 0.4116099999999999 0.4166099999999999 0.4216099999999998 0.4266099999999998 0.4316099999999998 0.4366099999999998 0.4416099999999998 0.4466099999999998 0.4516099999999998 0.4566099999999998 0.4616099999999999 0.4666099999999999 0.4716099999999999 0.4766099999999999 0.4816099999999999 0.4866099999999998 0.4916099999999998 0.4966099999999998 0.5016100000000006 0.5066100000000011 0.5116100000000011 0.5166100000000011 0.5216100000000011 0.5266100000000011 0.5316100000000011 0.5366100000000011 0.5416100000000011 0.5466100000000012 0.5516100000000012 0.5566100000000012 0.5616100000000012 0.5666100000000012 0.5716100000000012 0.5766100000000012 0.5816100000000011 0.5866100000000011 0.5916100000000011 0.5966100000000011 0.6016100000000011 0.6066100000000011 0.6116100000000011 0.6166100000000011 0.6216100000000011 0.6266100000000011 0.6316100000000011 0.6366100000000011 0.6416100000000011 0.6466100000000011 0.6516100000000011 0.6566100000000011 0.6616100000000011 0.6666100000000011 0.6716100000000012 0.6766100000000012 0.6816100000000012 0.6866100000000012 0.6916100000000012 0.6966100000000012 0.7016100000000012 0.7066100000000011 0.7116100000000011 0.7166100000000011 0.7216100000000011 0.7266100000000011 0.7316100000000011 0.7366100000000011 0.7416100000000011 0.7466100000000011 0.7516100000000011 0.7566100000000011 0.7616100000000011 0.7666100000000011 0.7716100000000011 0.7766100000000011 0.7816100000000011 0.7866100000000011 0.7916100000000011 0.7966100000000012 0.8016100000000012 0.8066100000000012 0.8116100000000012 0.8166100000000012 0.8216100000000012 0.8266100000000012 0.8316100000000012 0.8366100000000012 0.8416100000000011 0.8466100000000011 0.8516100000000011 0.8566100000000011 0.8616100000000011 0.8666100000000011 0.8716100000000011 0.8766100000000011 0.8816100000000011 0.8866100000000011 0.8916100000000011 0.8966100000000011 0.9016100000000011 0.9066100000000011 0.9116100000000011 0.9166100000000011 0.9216100000000012 0.9266100000000012 0.9316100000000012 0.9366100000000012 0.9416100000000012 0.9466100000000012 0.9516100000000012 0.9566100000000012 0.9616100000000012 0.9666100000000011 0.9716100000000011 0.9766100000000011 0.9816100000000011 0.9866100000000011 0.9916100000000011 0.9966100000000011 1.0016100000000012 1.0066100000000011 1.0116100000000012 1.0166100000000013 1.0216100000000012 1.0266100000000011 1.0316100000000010 1.0366100000000011 1.0416100000000013 1.0466100000000012 1.0516100000000010 1.0566100000000012 1.0616100000000013 1.0666100000000012 1.0716100000000011 1.0766100000000012 1.0816100000000013 1.0866100000000012 1.0916100000000011 1.0966100000000012 1.1016100000000013 1.1066100000000012 1.1116100000000011 1.1166100000000012 1.1216100000000013 1.1266100000000012 1.1316100000000011 1.1366100000000012 1.1416100000000013 1.1466100000000012 1.1516100000000011 1.1566100000000012 1.1616100000000011 1.1666100000000013 1.1716100000000012 1.1766100000000010 1.1816100000000012 1.1866100000000013 1.1916100000000012 1.1966100000000011 1.2016100000000012 1.2066100000000013 1.2116100000000012 1.2166100000000011 1.2216100000000012 1.2266100000000013 1.2316100000000012 1.2366100000000011 1.2416100000000012 1.2466100000000013 1.2516100000000012 1.2566100000000011 1.2616100000000012 1.2666100000000013 1.2716100000000012 1.2766100000000011 1.2816100000000012 1.2866100000000011 1.2916100000000013 1.2966100000000012 1.3016100000000010 1.3066100000000012 1.3116100000000013 1.3166100000000012 1.3216100000000011 1.3266100000000012 1.3316100000000013 1.3366100000000012 1.3416100000000011 1.3466100000000012 1.3516100000000013 1.3566100000000012 1.3616100000000011 1.3666100000000012 1.3716100000000013 1.3766100000000012 1.3816100000000011 1.3866100000000012 1.3916100000000013 1.3966100000000012 1.4016100000000011 1.4066100000000012 1.4116100000000011 1.4166100000000013 1.4216100000000012 1.4266100000000010 1.4316100000000012 1.4366100000000013 1.4416100000000012 1.4466100000000011 1.4516100000000012 1.4566100000000013 1.4616100000000012 1.4666100000000011 1.4716100000000012 1.4766100000000013 1.4816100000000012 1.4866100000000011 1.4916100000000012 1.4966100000000013 1.5016100000000012 1.5066100000000011 1.5116100000000012 1.5166100000000013 1.5216100000000012 1.5266100000000011 1.5316100000000012 1.5366100000000014 1.5416100000000013 1.5466100000000012 1.5516100000000010 1.5566100000000012 1.5616100000000013 1.5666100000000012 1.5716100000000011 1.5766100000000012 1.5816100000000013 1.5866100000000012 1.5916100000000011 1.5966100000000012 1.6016100000000013 1.6066100000000012 1.6116100000000011 1.6166100000000012 1.6216100000000013 1.6266100000000012 1.6316100000000011 1.6366100000000012 1.6416100000000013 1.6466100000000012 1.6516100000000011 1.6566100000000012 1.6616100000000014 1.6666100000000013 1.6716100000000012 1.6766100000000010 1.6816100000000012 1.6866100000000013 1.6916100000000012 1.6966100000000011 1.7016100000000012 1.7066100000000013 1.7116100000000012 1.7166100000000011 1.7216100000000012 1.7266100000000013 1.7316100000000012 1.7366100000000011 1.7416100000000012 1.7466100000000013 1.7516100000000012 1.7566100000000011 1.7616100000000012 1.7666100000000013 1.7716100000000012 1.7766100000000011 1.7816100000000012 1.7866100000000014 1.7916100000000013 1.7966100000000012 1.8016100000000010 1.8066100000000012 1.8116100000000013 1.8166100000000012 1.8216100000000011 1.8266100000000012 1.8316100000000013 1.8366100000000012 1.8416100000000011 1.8466100000000012 1.8516100000000013 1.8566100000000012 1.8616100000000011 1.8666100000000012 1.8716100000000013 1.8766100000000012 1.8816100000000011 1.8866100000000012 1.8916100000000013 1.8966100000000012 1.9016100000000011 1.9066100000000012 1.9116100000000014 1.9166100000000013 1.9216100000000012 1.9266100000000010 1.9316100000000012 1.9366100000000013 1.9416100000000012 1.9466100000000011 1.9516100000000012 1.9566100000000013 1.9616100000000012 1.9666100000000011 1.9716100000000012 1.9766100000000013 1.9816100000000012 1.9866100000000011 1.9916100000000012 1.9966100000000013 2.0016099999999986 ];
