x=[0.0067853407124025 0.0117853407124025 0.0167853407124025 0.0217853407124025 0.0267853407124025 0.0317853407124025 0.0367853407124025 0.0417853407124025 0.0467853407124025 0.0517853407124025 0.0567853407124025 0.0617853407124025 0.0667853407124025 0.0717853407124025 0.0767853407124025 0.0817853407124025 0.0867853407124025 0.0917853407124025 0.0967853407124025 0.1017853407124025 0.1067853407124025 0.1117853407124025 0.1167853407124025 0.1217853407124025 0.1267853407124025 0.1317853407124025 0.1367853407124025 0.1417853407124025 0.1467853407124025 0.1517853407124025 0.1567853407124025 0.1617853407124025 0.1667853407124025 0.1717853407124025 0.1767853407124025 0.1817853407124025 0.1867853407124025 0.1917853407124025 0.1967853407124025 0.2017853407124025 0.2067853407124025 0.2117853407124025 0.2167853407124025 0.2217853407124025 0.2267853407124025 0.2317853407124025 0.2367853407124025 0.2417853407124025 0.2467853407124025 0.2517853407124025 0.2567853407124025 0.2617853407124025 0.2667853407124025 0.2717853407124025 0.2767853407124025 0.2817853407124025 0.2867853407124025 0.2917853407124025 0.2967853407124025 0.3017853407124025 0.3067853407124025 0.3117853407124025 0.3167853407124025 0.3217853407124025 0.3267853407124025 0.3317853407124025 0.3367853407124025 0.3417853407124025 0.3467853407124025 0.3517853407124025 0.3567853407124025 0.3617853407124025 0.3667853407124025 0.3717853407124025 0.3767853407124025 0.3817853407124025 0.3867853407124025 0.3917853407124025 0.3967853407124025 0.4017853407124025 0.4067853407124025 0.4117853407124025 0.4167853407124025 0.4217853407124025 0.4267853407124025 0.4317853407124025 0.4367853407124025 0.4417853407124025 0.4467853407124025 0.4517853407124025 0.4567853407124025 0.4617853407124025 0.4667853407124025 0.4717853407124025 0.4767853407124025 0.4817853407124025 0.4867853407124025 0.4917853407124025 0.4967853407124024 0.5017853407124024 0.5067853407124023 0.5117853407124024 0.5167853407124023 0.5217853407124022 0.5267853407124022 0.5317853407124022 0.5367853407124021 0.5417853407124020 0.5467853407124021 0.5517853407124020 0.5567853407124022 0.5617853407124020 0.5667853407124021 0.5717853407124021 0.5767853407124020 0.5817853407124021 0.5867853407124020 0.5917853407124021 0.5967853407124020 0.6017853407124021 0.6067853407124020 0.6117853407124021 0.6167853407124020 0.6217853407124021 0.6267853407124020 0.6317853407124021 0.6367853407124020 0.6417853407124021 0.6467853407124020 0.6517853407124021 0.6567853407124020 0.6617853407124021 0.6667853407124020 0.6717853407124021 0.6767853407124020 0.6817853407124022 0.6867853407124020 0.6917853407124022 0.6967853407124021 0.7017853407124022 0.7067853407124021 0.7117853407124020 0.7167853407124021 0.7217853407124020 0.7267853407124021 0.7317853407124020 0.7367853407124021 0.7417853407124020 0.7467853407124021 0.7517853407124020 0.7567853407124021 0.7617853407124020 0.7667853407124021 0.7717853407124020 0.7767853407124021 0.7817853407124020 0.7867853407124021 0.7917853407124020 0.7967853407124021 0.8017853407124020 0.8067853407124022 0.8117853407124020 0.8167853407124022 0.8217853407124021 0.8267853407124022 0.8317853407124021 0.8367853407124021 0.8417853407124021 0.8467853407124020 0.8517853407124021 0.8567853407124020 0.8617853407124021 0.8667853407124020 0.8717853407124021 0.8767853407124020 0.8817853407124021 0.8867853407124020 0.8917853407124021 0.8967853407124020 0.9017853407124021 0.9067853407124020 0.9117853407124021 0.9167853407124020 0.9217853407124021 0.9267853407124020 0.9317853407124022 0.9367853407124023 0.9417853407124024 0.9467853407124025 0.9517853407124026 0.9567853407124026 0.9617853407124026 0.9667853407124027 0.9717853407124029 0.9767853407124030 0.9817853407124030 0.9867853407124031 0.9917853407124032 0.9967853407124032 1.0017853407124035 1.0067853407124039 1.0117853407124038 1.0167853407124037 1.0217853407124038 1.0267853407124037 1.0317853407124038 1.0367853407124037 1.0417853407124036 1.0467853407124037 1.0517853407124038 1.0567853407124037 1.0617853407124036 1.0667853407124037 1.0717853407124038 1.0767853407124037 1.0817853407124036 1.0867853407124037 1.0917853407124039 1.0967853407124037 1.1017853407124036 1.1067853407124038 1.1117853407124039 1.1167853407124038 1.1217853407124037 1.1267853407124038 1.1317853407124039 1.1367853407124038 1.1417853407124037 1.1467853407124038 1.1517853407124039 1.1567853407124038 1.1617853407124037 1.1667853407124036 1.1717853407124037 1.1767853407124038 1.1817853407124037 1.1867853407124036 1.1917853407124037 1.1967853407124038 1.2017853407124037 1.2067853407124036 1.2117853407124037 1.2167853407124039 1.2217853407124037 1.2267853407124036 1.2317853407124038 1.2367853407124039 1.2417853407124038 1.2467853407124037 1.2517853407124038 1.2567853407124039 1.2617853407124038 1.2667853407124037 1.2717853407124038 1.2767853407124039 1.2817853407124038 1.2867853407124037 1.2917853407124036 1.2967853407124037 1.3017853407124038 1.3067853407124037 1.3117853407124036 1.3167853407124037 1.3217853407124038 1.3267853407124037 1.3317853407124036 1.3367853407124037 1.3417853407124039 1.3467853407124037 1.3517853407124036 1.3567853407124038 1.3617853407124039 1.3667853407124038 1.3717853407124037 1.3767853407124038 1.3817853407124039 1.3867853407124038 1.3917853407124037 1.3967853407124038 1.4017853407124039 1.4067853407124038 1.4117853407124037 1.4167853407124036 1.4217853407124037 1.4267853407124038 1.4317853407124037 1.4367853407124036 1.4417853407124037 1.4467853407124038 1.4517853407124037 1.4567853407124036 1.4617853407124037 1.4667853407124039 1.4717853407124037 1.4767853407124036 1.4817853407124038 1.4867853407124039 1.4917853407124038 1.4967853407124037 1.5017853407124038 1.5067853407124039 1.5117853407124038 1.5167853407124037 1.5217853407124038 1.5267853407124039 1.5317853407124038 1.5367853407124037 1.5417853407124038 1.5467853407124037 1.5517853407124038 1.5567853407124037 1.5617853407124036 1.5667853407124037 1.5717853407124038 1.5767853407124037 1.5817853407124036 1.5867853407124037 1.5917853407124039 1.5967853407124037 1.6017853407124036 1.6067853407124038 1.6117853407124039 1.6167853407124038 1.6217853407124037 1.6267853407124038 1.6317853407124039 1.6367853407124038 1.6417853407124037 1.6467853407124038 1.6517853407124039 1.6567853407124038 1.6617853407124037 1.6667853407124038 1.6717853407124037 1.6767853407124038 1.6817853407124037 1.6867853407124036 1.6917853407124037 1.6967853407124038 1.7017853407124037 1.7067853407124036 1.7117853407124037 1.7167853407124039 1.7217853407124037 1.7267853407124036 1.7317853407124038 1.7367853407124039 1.7417853407124038 1.7467853407124037 1.7517853407124038 1.7567853407124039 1.7617853407124038 1.7667853407124037 1.7717853407124038 1.7767853407124039 1.7817853407124038 1.7867853407124037 1.7917853407124038 1.7967853407124037 1.8017853407124038 1.8067853407124037 1.8117853407124036 1.8167853407124037 1.8217853407124038 1.8267853407124037 1.8317853407124036 1.8367853407124037 1.8417853407124039 1.8467853407124037 1.8517853407124036 1.8567853407124038 1.8617853407124039 1.8667853407124038 1.8717853407124037 1.8767853407124038 1.8817853407124039 1.8867853407124038 1.8917853407124037 1.8967853407124038 1.9017853407124039 1.9067853407124038 1.9117853407124037 1.9167853407124038 1.9217853407124037 1.9267853407124036 1.9317853407124035 1.9367853407124034 1.9417853407124031 1.9467853407124029 1.9517853407124026 1.9567853407124023 1.9617853407124020 1.9667853407124016 1.9717853407124011 1.9767853407124010 1.9817853407124004 1.9867853407123999 1.9917853407123995 1.9967853407123992 2.0017853407123987 ];
